world: 7ec283ff-b928-46e9-b242-4dd1165f6677
world-name: world_nether
x: 5.365789635666203
y: 63.0
z: 338.3349197328708
yaw: 1.529984474182129
pitch: -1.4568865299224854
name: .
lastowner: 682d3195-0e7c-3caa-82de-df46a6bf0562
