world: 6070b197-d770-4d72-a000-8f9c12ec0f94
world-name: world_the_end
x: 2144.699999988079
y: 56.0
z: -80.53277525282247
yaw: -99.59516906738281
pitch: 30.599517822265625
name: '...'
lastowner: 8a23f48c-7b83-3344-8d9e-c534020c1122
