world: 6000fa1e-792c-48f6-9092-83aa876e0187
world-name: world
x: 310.49233889911
y: 64.0
z: 897.9605332549792
yaw: -86.1845703125
pitch: 16.050006866455078
name: đầm
lastowner: 682d3195-0e7c-3caa-82de-df46a6bf0562
