world: 6000fa1e-792c-48f6-9092-83aa876e0187
world-name: world
x: 3902.1967189391785
y: 64.0
z: -718.3000000119209
yaw: -51.15312194824219
pitch: 50.40001678466797
name: ĐộMềmMại
lastowner: f69fe52e-bd57-3658-8d39-1f930264a41e
