world: 6000fa1e-792c-48f6-9092-83aa876e0187
world-name: world
x: 3900.5
y: 180.0
z: -946.5
yaw: 89.5487060546875
pitch: 69.72477722167969
name: afkcrepperfarm
lastowner: 2d5d0be0-e48c-3b3a-b769-1b5636e432f6
