world: 7ec283ff-b928-46e9-b242-4dd1165f6677
world-name: world_nether
x: 515.3000000119209
y: 253.0
z: -152.30000001192093
yaw: -169.99505615234375
pitch: 86.92798614501953
name: afkfarmvang
lastowner: 2d5d0be0-e48c-3b3a-b769-1b5636e432f6
