world: 6000fa1e-792c-48f6-9092-83aa876e0187
world-name: world
x: 4013.629612223838
y: 94.0
z: -921.4708529181258
yaw: 88.271484375
pitch: 9.417939186096191
name: afkfarmsat
lastowner: 2d5d0be0-e48c-3b3a-b769-1b5636e432f6
