world: 6000fa1e-792c-48f6-9092-83aa876e0187
world-name: world
x: 155.69999998807907
y: 74.0
z: 505.4744748027547
yaw: 88.3277816772461
pitch: 20.57278060913086
name: afkfarmmia
lastowner: 2d5d0be0-e48c-3b3a-b769-1b5636e432f6
