world: 7ec283ff-b928-46e9-b242-4dd1165f6677
world-name: world_nether
x: 406.07953690251986
y: 219.0
z: -37.47854144510751
yaw: -134.701904296875
pitch: 64.94989776611328
name: AFKhoglinfarm
lastowner: 682d3195-0e7c-3caa-82de-df46a6bf0562
