world: 6000fa1e-792c-48f6-9092-83aa876e0187
world-name: world
x: 3088.581279766905
y: -47.0
z: 3026.770151372003
yaw: -177.73492431640625
pitch: 25.487825393676758
name: afkskeletonfarm
lastowner: 2d5d0be0-e48c-3b3a-b769-1b5636e432f6
