world: 6000fa1e-792c-48f6-9092-83aa876e0187
world-name: world
x: -9955.683004169723
y: 69.0625
z: -912.8192178384581
yaw: 4.387451171875
pitch: 7.055962562561035
name: alley
lastowner: 2d5d0be0-e48c-3b3a-b769-1b5636e432f6
