world: 6000fa1e-792c-48f6-9092-83aa876e0187
world-name: world
x: -4897.663354957853
y: -27.0
z: 10337.125601359976
yaw: -82.517578125
pitch: 25.48796844482422
name: ancientcity4
lastowner: 2d5d0be0-e48c-3b3a-b769-1b5636e432f6
