world: 6000fa1e-792c-48f6-9092-83aa876e0187
world-name: world
x: -14867.827381358182
y: -32.0
z: 8418.845013003998
yaw: 32.52825927734375
pitch: 4.742116928100586
name: ancientcity6
lastowner: 2d5d0be0-e48c-3b3a-b769-1b5636e432f6
