world: 6000fa1e-792c-48f6-9092-83aa876e0187
world-name: world
x: -165.06778
y: -52.0
z: -343.30001
yaw: 100.5081787109375
pitch: 6.57421875
name: ancientcitysafe
lastowner: 00000000-0000-0000-0009-01f4995a970e
