world: 6000fa1e-792c-48f6-9092-83aa876e0187
world-name: world
x: -5027.118779514242
y: 8.0
z: 10074.300000011921
yaw: 14.6666259765625
pitch: 37.89165115356445
name: ancientcity2
lastowner: 2d5d0be0-e48c-3b3a-b769-1b5636e432f6
