world: 6000fa1e-792c-48f6-9092-83aa876e0187
world-name: world
x: -4787.655281342667
y: -25.0
z: 10137.767096163005
yaw: -100.14898681640625
pitch: 48.835121154785156
name: ancientcity3
lastowner: 2d5d0be0-e48c-3b3a-b769-1b5636e432f6
