world: 6000fa1e-792c-48f6-9092-83aa876e0187
world-name: world
x: -11721.596300818928
y: -16.0
z: -3048.65515566506
yaw: -93.73977661132812
pitch: -80.18846893310547
name: ancientcity7
lastowner: 2d5d0be0-e48c-3b3a-b769-1b5636e432f6
