world: 6000fa1e-792c-48f6-9092-83aa876e0187
world-name: world
x: -209.84235
y: -51.0
z: -345.3651
yaw: 122.91070556640625
pitch: 5.104949951171875
name: ancientcity
lastowner: 00000000-0000-0000-0009-01f4995a970e
