world: 6000fa1e-792c-48f6-9092-83aa876e0187
world-name: world
x: -4809.686356578935
y: -45.0
z: 10369.119387401663
yaw: 109.7452392578125
pitch: 27.926172256469727
name: ancientcity5
lastowner: 2d5d0be0-e48c-3b3a-b769-1b5636e432f6
