world: 6000fa1e-792c-48f6-9092-83aa876e0187
world-name: world
x: 2956.5
y: 67.0
z: 3145.5
yaw: -98.18128967285156
pitch: 6.560144424438477
name: Arena
lastowner: 1e1368de-8eda-371b-914d-f11b099c6e13
