world: 6000fa1e-792c-48f6-9092-83aa876e0187
world-name: world
x: -2896.699999988079
y: 78.0
z: -320.69999998807907
yaw: 129.24745178222656
pitch: -50.06397247314453
name: bangda2
lastowner: 2d5d0be0-e48c-3b3a-b769-1b5636e432f6
