world: 6000fa1e-792c-48f6-9092-83aa876e0187
world-name: world
x: 6358.012273861058
y: 71.0
z: 6974.279708675019
yaw: -69.206787109375
pitch: 11.971049308776855
name: bangda
lastowner: 2d5d0be0-e48c-3b3a-b769-1b5636e432f6
