world: 7ec283ff-b928-46e9-b242-4dd1165f6677
world-name: world_nether
x: 406.3515990156349
y: 58.0
z: 393.68762544086775
yaw: -43.94488525390625
pitch: -0.3168196678161621
name: bazan
lastowner: 2d5d0be0-e48c-3b3a-b769-1b5636e432f6
