world: 6000fa1e-792c-48f6-9092-83aa876e0187
world-name: world
x: 2511.1775515784384
y: 67.0
z: 265.31026283072805
yaw: 146.08309936523438
pitch: 22.2305965423584
name: bencang
lastowner: 2d5d0be0-e48c-3b3a-b769-1b5636e432f6
