world: 6000fa1e-792c-48f6-9092-83aa876e0187
world-name: world
x: 1710.8497968336899
y: 50.0
z: -583.7173531785033
yaw: -36.44573974609375
pitch: 16.658531188964844
name: biển
lastowner: 6b9ea920-d077-3e6f-ab52-3fa07f6b63a7
