world: 6000fa1e-792c-48f6-9092-83aa876e0187
world-name: world
x: 4397.244898327485
y: -42.0
z: 8684.952345356258
yaw: 15.31787109375
pitch: 8.899218559265137
name: biglustcave
lastowner: 2d5d0be0-e48c-3b3a-b769-1b5636e432f6
