world: 6000fa1e-792c-48f6-9092-83aa876e0187
world-name: world
x: -326.5222506074952
y: 96.0
z: -188.7506973316738
yaw: 158.7550506591797
pitch: 5.212583541870117
name: boncuopdanlang2
lastowner: 2d5d0be0-e48c-3b3a-b769-1b5636e432f6
