world: 6000fa1e-792c-48f6-9092-83aa876e0187
world-name: world
x: -624.3000000119209
y: 78.0
z: -641.7759002100826
yaw: 157.52523803710938
pitch: 10.742270469665527
name: boncuopdanlang
lastowner: 2d5d0be0-e48c-3b3a-b769-1b5636e432f6
