world: 6000fa1e-792c-48f6-9092-83aa876e0187
world-name: world
x: -4869.699999988079
y: 48.0
z: 6437.487500011921
yaw: -44.030029296875
pitch: 25.59587860107422
name: botbien
lastowner: 2d5d0be0-e48c-3b3a-b769-1b5636e432f6
