world: 6000fa1e-792c-48f6-9092-83aa876e0187
world-name: world
x: -4866.487500011921
y: 48.0
z: 6426.699999988079
yaw: -175.70703125
pitch: -1.5874090194702148
name: botbien2
lastowner: 2d5d0be0-e48c-3b3a-b769-1b5636e432f6
