world: 6000fa1e-792c-48f6-9092-83aa876e0187
world-name: world
x: -1493.300000011921
y: 64.875
z: 2608.763106063325
yaw: -35.113380432128906
pitch: 16.33658218383789
name: cancucu
lastowner: 2d5d0be0-e48c-3b3a-b769-1b5636e432f6
