world: 6000fa1e-792c-48f6-9092-83aa876e0187
world-name: world
x: 3110.26085858416
y: -24.0
z: 3074.7980773428108
yaw: 168.84832763671875
pitch: 31.975143432617188
name: cave
lastowner: 682d3195-0e7c-3caa-82de-df46a6bf0562
