world: 6000fa1e-792c-48f6-9092-83aa876e0187
world-name: world
x: 299.4106330517989
y: 320.0
z: 562.581689494416
yaw: 91.82963562011719
pitch: 66.29966735839844
name: caveandcliffs
lastowner: 962c3a59-6dc2-3f02-b5c7-fa2fdb690650
