world: 6000fa1e-792c-48f6-9092-83aa876e0187
world-name: world
x: 3030.547973579353
y: 65.0
z: 3021.6317984718994
yaw: -90.063720703125
pitch: 11.971205711364746
name: ChàoMừngĐếnVớiBìnhNguyênVôTận:))))))
lastowner: 2d5d0be0-e48c-3b3a-b769-1b5636e432f6
