world: 6000fa1e-792c-48f6-9092-83aa876e0187
world-name: world
x: -5462.595922478294
y: -54.0
z: 9733.200385388527
yaw: -64.58525848388672
pitch: 10.045334815979004
name: cho
lastowner: 1e1368de-8eda-371b-914d-f11b099c6e13
