world: 7ec283ff-b928-46e9-b242-4dd1165f6677
world-name: world_nether
x: 474.30000001192093
y: 60.0
z: -91.39653812680248
yaw: -89.28282165527344
pitch: 21.423641204833984
name: cholaysat
lastowner: 2d5d0be0-e48c-3b3a-b769-1b5636e432f6
