world: 6000fa1e-792c-48f6-9092-83aa876e0187
world-name: world
x: -8220.096677679086
y: 85.0
z: -2935.317879430165
yaw: -127.22271728515625
pitch: 29.17437171936035
name: chonaydep
lastowner: 2d5d0be0-e48c-3b3a-b769-1b5636e432f6
