world: 6000fa1e-792c-48f6-9092-83aa876e0187
world-name: world
x: -6515.1575199657445
y: 131.0
z: 8837.668595268884
yaw: 174.46835327148438
pitch: 38.28016662597656
name: chonaydep2
lastowner: 2d5d0be0-e48c-3b3a-b769-1b5636e432f6
