world: 6000fa1e-792c-48f6-9092-83aa876e0187
world-name: world
x: 2082.569947899667
y: -23.0
z: 2734.130909766894
yaw: -125.084228515625
pitch: 37.161651611328125
name: chunkslime
lastowner: 2d5d0be0-e48c-3b3a-b769-1b5636e432f6
