world: 6000fa1e-792c-48f6-9092-83aa876e0187
world-name: world
x: -5067.693648781039
y: 70.0
z: 5150.5785974266755
yaw: -87.64810180664062
pitch: 15.312416076660156
name: congtovl
lastowner: 962c3a59-6dc2-3f02-b5c7-fa2fdb690650
