world: 6000fa1e-792c-48f6-9092-83aa876e0187
world-name: world
x: 3892.5
y: 63.0
z: -946.5
yaw: -84.2926025390625
pitch: 18.428298950195312
name: creeperfarm
lastowner: 2d5d0be0-e48c-3b3a-b769-1b5636e432f6
