world: 6000fa1e-792c-48f6-9092-83aa876e0187
world-name: world
x: 3892.9852248518273
y: 63.875
z: -946.8375360968563
yaw: -90.72445678710938
pitch: 24.86017417907715
name: crepperfarm
lastowner: 2d5d0be0-e48c-3b3a-b769-1b5636e432f6
