world: 6000fa1e-792c-48f6-9092-83aa876e0187
world-name: world
x: -623.8659452999136
y: 79.14719138259194
z: -654.6246101561302
yaw: 141.5902099609375
pitch: 7.056014060974121
name: cuopdanlang
lastowner: 2d5d0be0-e48c-3b3a-b769-1b5636e432f6
