world: 6000fa1e-792c-48f6-9092-83aa876e0187
world-name: world
x: -8230.336465549837
y: 98.0
z: 15973.944551135948
yaw: 129.0650634765625
pitch: 35.318355560302734
name: datset
lastowner: 2d5d0be0-e48c-3b3a-b769-1b5636e432f6
