world: 6000fa1e-792c-48f6-9092-83aa876e0187
world-name: world
x: -8442.300000011921
y: 87.0
z: 16488.502182887616
yaw: -1.67950439453125
pitch: 35.114078521728516
name: datset2
lastowner: 2d5d0be0-e48c-3b3a-b769-1b5636e432f6
