world: 6000fa1e-792c-48f6-9092-83aa876e0187
world-name: world
x: -4918.690328623248
y: -42.0
z: 10023.54610024294
yaw: -22.285400390625
pitch: 16.219892501831055
name: deepdarkbiom
lastowner: 2d5d0be0-e48c-3b3a-b769-1b5636e432f6
