world: 6000fa1e-792c-48f6-9092-83aa876e0187
world-name: world
x: -4947.542025497904
y: -20.0
z: 9767.992457037539
yaw: 50.82666015625
pitch: 7.640810966491699
name: deepdarkbiome2
lastowner: 2d5d0be0-e48c-3b3a-b769-1b5636e432f6
