world: 6000fa1e-792c-48f6-9092-83aa876e0187
world-name: world
x: -482.6401248476448
y: 68.0
z: -297.4759245792352
yaw: 103.34854125976562
pitch: 15.449545860290527
name: desert
lastowner: 962c3a59-6dc2-3f02-b5c7-fa2fdb690650
