world: 6000fa1e-792c-48f6-9092-83aa876e0187
world-name: world
x: -766.1691030551398
y: 64.0
z: -511.80320674089404
yaw: 21.16693115234375
pitch: 5.827118873596191
name: desert2
lastowner: 2d5d0be0-e48c-3b3a-b769-1b5636e432f6
