world: 6000fa1e-792c-48f6-9092-83aa876e0187
world-name: world
x: 2878.042155842625
y: 64.0
z: 3029.286300903925
yaw: 85.0056381225586
pitch: -1.1075853109359741
name: dientho
lastowner: 962c3a59-6dc2-3f02-b5c7-fa2fdb690650
