world: 6000fa1e-792c-48f6-9092-83aa876e0187
world-name: world
x: 3945.266387101515
y: 63.0
z: -768.9540700620578
yaw: -100.18328857421875
pitch: 37.09552001953125
name: ditmemayee
lastowner: 35e531de-0bc5-36da-935f-f533b6ebb084
