world: 53e72057-794a-4f54-b2a7-8720cefe0472
world-name: flatroom
x: -335.2682096490647
y: -52.0
z: 188.8056206380806
yaw: 150.54107666015625
pitch: 52.33357620239258
name: dmdan
lastowner: 6abba39a-8f1b-3fa6-8dea-55676928463d
