world: 6000fa1e-792c-48f6-9092-83aa876e0187
world-name: world
x: 4103.757206404464
y: 216.0
z: -857.1056390939383
yaw: 157.65834045410156
pitch: 75.29751586914062
name: DucHung20007
lastowner: 6a43e6d8-bba7-3cfa-8dac-98afe51e7a1d
