world: 6000fa1e-792c-48f6-9092-83aa876e0187
world-name: world
x: -15254.476
y: 68.0
z: 8205.078
yaw: -2.862213134765625
pitch: 24.684844970703125
name: dungchan1
lastowner: 00000000-0000-0000-0009-01f01c72e181
