world: 6070b197-d770-4d72-a000-8f9c12ec0f94
world-name: world_the_end
x: 6465.327750901718
y: 73.0
z: 1665.1805126932259
yaw: -156.584228515625
pitch: 32.88584518432617
name: endcity1
lastowner: 2d5d0be0-e48c-3b3a-b769-1b5636e432f6
