world: 6070b197-d770-4d72-a000-8f9c12ec0f94
world-name: world_the_end
x: 8170.988522540677
y: 110.24967361566853
z: 6521.480145940657
yaw: -103.82757568359375
pitch: 39.00490951538086
name: endcity2
lastowner: 2d5d0be0-e48c-3b3a-b769-1b5636e432f6
