world: 6070b197-d770-4d72-a000-8f9c12ec0f94
world-name: world_the_end
x: 11.577607030478006
y: 44.0
z: 308.728152293264
yaw: 14.860605239868164
pitch: 33.44973373413086
name: ender
lastowner: 682d3195-0e7c-3caa-82de-df46a6bf0562
