world: 6070b197-d770-4d72-a000-8f9c12ec0f94
world-name: world_the_end
x: 0.7224888372248613
y: 1.0
z: 298.477598632914
yaw: -9.362991333007812
pitch: 23.507999420166016
name: endfarm
lastowner: c95510fc-f3bb-355a-8521-4d5840ab748b
