world: 6000fa1e-792c-48f6-9092-83aa876e0187
world-name: world
x: -561.0392949436263
y: 34.0
z: 2198.2827216213996
yaw: 20.10662841796875
pitch: 32.40005111694336
name: EndPortal
lastowner: 962c3a59-6dc2-3f02-b5c7-fa2fdb690650
