world: 6000fa1e-792c-48f6-9092-83aa876e0187
world-name: world
x: 2300.7925844646934
y: 34.0
z: -855.6493000477124
yaw: 175.23988342285156
pitch: 40.800086975097656
name: EndPortalx2
lastowner: 6a43e6d8-bba7-3cfa-8dac-98afe51e7a1d
