world: 6000fa1e-792c-48f6-9092-83aa876e0187
world-name: world
x: 156.45495547234603
y: 64.0
z: 500.34245006774006
yaw: 120.89093017578125
pitch: 37.79523468017578
name: farmmia
lastowner: 2d5d0be0-e48c-3b3a-b769-1b5636e432f6
