world: 6000fa1e-792c-48f6-9092-83aa876e0187
world-name: world
x: 4009.5168348019415
y: 63.0
z: -921.5532387974622
yaw: 94.78057861328125
pitch: 11.73090648651123
name: farmsat
lastowner: 2d5d0be0-e48c-3b3a-b769-1b5636e432f6
