world: 7ec283ff-b928-46e9-b242-4dd1165f6677
world-name: world_nether
x: 481.9270424819099
y: 128.0
z: -59.19850851669638
yaw: -90.17237854003906
pitch: 44.79718780517578
name: farmvangnew
lastowner: 682d3195-0e7c-3caa-82de-df46a6bf0562
