world: 6000fa1e-792c-48f6-9092-83aa876e0187
world-name: world
x: 1785.764117235005
y: 51.0
z: -303.67293423169866
yaw: 80.03186798095703
pitch: 7.069270610809326
name: farmđuốinước
lastowner: 682d3195-0e7c-3caa-82de-df46a6bf0562
