world: 7ec283ff-b928-46e9-b242-4dd1165f6677
world-name: world_nether
x: 515.4067540473482
y: 222.0
z: -153.7918329037518
yaw: 173.30662536621094
pitch: 62.8308219909668
name: farmvàng
lastowner: 682d3195-0e7c-3caa-82de-df46a6bf0562
