world: 7ec283ff-b928-46e9-b242-4dd1165f6677
world-name: world_nether
x: 515.3924181829179
y: 222.0
z: -155.21780091356953
yaw: 1.92755126953125
pitch: 35.79722595214844
name: farmvang
lastowner: 2d5d0be0-e48c-3b3a-b769-1b5636e432f6
