world: 7ec283ff-b928-46e9-b242-4dd1165f6677
world-name: world_nether
x: 478.25990978370714
y: 60.0
z: -89.3001975737401
yaw: -173.52392578125
pitch: 31.922189712524414
name: farm
lastowner: 682d3195-0e7c-3caa-82de-df46a6bf0562
