world: 7ec283ff-b928-46e9-b242-4dd1165f6677
world-name: world_nether
x: 422.69999998807907
y: 67.0
z: 591.6999999880791
yaw: 88.5380859375
pitch: 15.65760326385498
name: fortress
lastowner: 2d5d0be0-e48c-3b3a-b769-1b5636e432f6
