world: 7ec283ff-b928-46e9-b242-4dd1165f6677
world-name: world_nether
x: 1496.3370365361218
y: 80.0
z: 2267.7548559759152
yaw: -4.01708984375
pitch: 10.127880096435547
name: fortress2
lastowner: 2d5d0be0-e48c-3b3a-b769-1b5636e432f6
