world: 6000fa1e-792c-48f6-9092-83aa876e0187
world-name: world
x: 3796.4399973189065
y: 92.5
z: -763.7631787184408
yaw: 179.784423828125
pitch: 30.403295516967773
name: gladios1234
lastowner: 2d5d0be0-e48c-3b3a-b769-1b5636e432f6
