world: 6000fa1e-792c-48f6-9092-83aa876e0187
world-name: world
x: 2982.757051383529
y: 68.0
z: 3091.7193738022333
yaw: 11.541176795959473
pitch: -3.982841968536377
name: go
lastowner: 962c3a59-6dc2-3f02-b5c7-fa2fdb690650
