world: 7ec283ff-b928-46e9-b242-4dd1165f6677
world-name: world_nether
x: 515.2467
y: 222.0
z: -154.54645
yaw: -72.91171264648438
pitch: 29.123992919921875
name: goldfarm
lastowner: 00000000-0000-0000-0009-01f4995a970e
