world: 6000fa1e-792c-48f6-9092-83aa876e0187
world-name: world
x: -1552.8195486698542
y: 84.0
z: 872.906437927045
yaw: 37.310665130615234
pitch: 7.055987358093262
name: govamsam
lastowner: 2d5d0be0-e48c-3b3a-b769-1b5636e432f6
