world: 6000fa1e-792c-48f6-9092-83aa876e0187
world-name: world
x: -12144.744366304036
y: 75.0
z: 2362.7979660462015
yaw: -65.85443878173828
pitch: 5.9996538162231445
name: govansam
lastowner: 2d5d0be0-e48c-3b3a-b769-1b5636e432f6
