world: 6000fa1e-792c-48f6-9092-83aa876e0187
world-name: world
x: 3099.1518731346628
y: 56.0
z: 2978.272540123304
yaw: 2.059248447418213
pitch: 15.12734317779541
name: hangmu
lastowner: 2d5d0be0-e48c-3b3a-b769-1b5636e432f6
