world: 6000fa1e-792c-48f6-9092-83aa876e0187
world-name: world
x: -12169.393046432966
y: 19.0
z: 2490.114367689971
yaw: -17.4266357421875
pitch: 10.225728034973145
name: hangtuoitot
lastowner: 2d5d0be0-e48c-3b3a-b769-1b5636e432f6
