world: 6000fa1e-792c-48f6-9092-83aa876e0187
world-name: world
x: -9415.624305394645
y: 65.0
z: 16604.619496356496
yaw: -90.984619140625
pitch: 14.293910026550293
name: hang
lastowner: 2d5d0be0-e48c-3b3a-b769-1b5636e432f6
