world: 6000fa1e-792c-48f6-9092-83aa876e0187
world-name: world
x: 3089.22753394778
y: 69.0
z: 2784.524465793366
yaw: -158.55531311035156
pitch: 34.703948974609375
name: happynewyearconmemaybeo
lastowner: 2d5d0be0-e48c-3b3a-b769-1b5636e432f6
