world: 7ec283ff-b928-46e9-b242-4dd1165f6677
world-name: world_nether
x: 389.4528483173632
y: 128.0
z: -33.74783266588632
yaw: -35.336334228515625
pitch: -3.1499738693237305
name: HoglinFarm
lastowner: 682d3195-0e7c-3caa-82de-df46a6bf0562
