world: 6000fa1e-792c-48f6-9092-83aa876e0187
world-name: world
x: -10024.388071309822
y: 74.0
z: -759.6907175766232
yaw: -159.58363342285156
pitch: 18.72960662841797
name: ht
lastowner: 2d5d0be0-e48c-3b3a-b769-1b5636e432f6
