world: 6000fa1e-792c-48f6-9092-83aa876e0187
world-name: world
x: -8567.382725463764
y: 70.0
z: 16670.627618926494
yaw: 149.14796447753906
pitch: 21.187166213989258
name: khuvuccankhampha2
lastowner: 2d5d0be0-e48c-3b3a-b769-1b5636e432f6
