world: 6000fa1e-792c-48f6-9092-83aa876e0187
world-name: world
x: 3888.184026669542
y: 71.0
z: -754.2914058226743
yaw: 69.48648071289062
pitch: 39.9000129699707
name: làngtrênđảo
lastowner: 6a43e6d8-bba7-3cfa-8dac-98afe51e7a1d
