world: 6000fa1e-792c-48f6-9092-83aa876e0187
world-name: world
x: 224.0507396968239
y: 40.0
z: -320.42411245801554
yaw: 96.40763092041016
pitch: 10.340664863586426
name: Lăngtrụbiển
lastowner: 682d3195-0e7c-3caa-82de-df46a6bf0562
