world: 6000fa1e-792c-48f6-9092-83aa876e0187
world-name: world
x: 3694.3632187027647
y: 64.0
z: -816.5743337235158
yaw: -4.8974609375
pitch: 20.737546920776367
name: Lăngtrụbiển2
lastowner: 682d3195-0e7c-3caa-82de-df46a6bf0562
