world: 6000fa1e-792c-48f6-9092-83aa876e0187
world-name: world
x: 5123.325602625408
y: 55.0
z: -743.0366885443453
yaw: 4.17254638671875
pitch: 5.719283103942871
name: lềutuyết
lastowner: 682d3195-0e7c-3caa-82de-df46a6bf0562
