world: 6000fa1e-792c-48f6-9092-83aa876e0187
world-name: world
x: -7986.565097286277
y: 64.42499995231628
z: 16316.414415974057
yaw: -132.1641387939453
pitch: -10.784017562866211
name: lacda
lastowner: 2d5d0be0-e48c-3b3a-b769-1b5636e432f6
