world: 6000fa1e-792c-48f6-9092-83aa876e0187
world-name: world
x: -8548.178976891177
y: 116.0
z: 16583.22742393019
yaw: 21.93310546875
pitch: 13.317456245422363
name: lacda2
lastowner: 2d5d0be0-e48c-3b3a-b769-1b5636e432f6
