world: 6000fa1e-792c-48f6-9092-83aa876e0187
world-name: world
x: 200.2782683526739
y: 63.0
z: -393.64322400320214
yaw: -7.04937744140625
pitch: 7.6587653160095215
name: LangTru
lastowner: 6b9ea920-d077-3e6f-ab52-3fa07f6b63a7
