world: 6000fa1e-792c-48f6-9092-83aa876e0187
world-name: world
x: 3893.580255879541
y: 63.0
z: -752.8325789396195
yaw: -85.31350708007812
pitch: 25.20002555847168
name: langtrendao
lastowner: 682d3195-0e7c-3caa-82de-df46a6bf0562
