world: 6000fa1e-792c-48f6-9092-83aa876e0187
world-name: world
x: 3890.262704366558
y: 63.0
z: -761.3775024100114
yaw: -94.91351318359375
pitch: 32.25002670288086
name: langtrendao
lastowner: 682d3195-0e7c-3caa-82de-df46a6bf0562
