world: 6000fa1e-792c-48f6-9092-83aa876e0187
world-name: world
x: 3088.2288179661405
y: 75.0
z: 2992.5174424554425
yaw: 92.2618408203125
pitch: 5.82716178894043
name: langmmb
lastowner: 2d5d0be0-e48c-3b3a-b769-1b5636e432f6
