world: 6000fa1e-792c-48f6-9092-83aa876e0187
world-name: world
x: 213.69999998807907
y: 40.0
z: -316.7776382282363
yaw: -161.6996612548828
pitch: 14.549979209899902
name: Laudaibien
lastowner: 682d3195-0e7c-3caa-82de-df46a6bf0562
