world: 6000fa1e-792c-48f6-9092-83aa876e0187
world-name: world
x: 11.885999959779863
y: -54.0
z: 509.96919384515644
yaw: -169.82122802734375
pitch: 19.33768081665039
name: lava
lastowner: 2d5d0be0-e48c-3b3a-b769-1b5636e432f6
