world: 6000fa1e-792c-48f6-9092-83aa876e0187
world-name: world
x: 3110.6318776434646
y: 105.0
z: 2226.049661755038
yaw: -161.4381103515625
pitch: 16.399734497070312
name: liem
lastowner: 962c3a59-6dc2-3f02-b5c7-fa2fdb690650
