world: 6000fa1e-792c-48f6-9092-83aa876e0187
world-name: world
x: -2405.2393392115646
y: 65.5625
z: -806.5599288492866
yaw: 55.350547790527344
pitch: 52.50004196166992
name: linhmuc
lastowner: 6a43e6d8-bba7-3cfa-8dac-98afe51e7a1d
