world: 7ec283ff-b928-46e9-b242-4dd1165f6677
world-name: world_nether
x: 470.2693727602056
y: 103.0
z: 7.685961006053109
yaw: 29.435579299926758
pitch: 66.45014953613281
name: lon
lastowner: 6a43e6d8-bba7-3cfa-8dac-98afe51e7a1d
