world: 6000fa1e-792c-48f6-9092-83aa876e0187
world-name: world
x: -241.1996719825497
y: 67.0
z: 604.3267511995354
yaw: -133.39596557617188
pitch: 11.734467506408691
name: lonungtudong
lastowner: 2d5d0be0-e48c-3b3a-b769-1b5636e432f6
