world: 6000fa1e-792c-48f6-9092-83aa876e0187
world-name: world
x: 3612.3972610814812
y: -30.0
z: -897.6817020447771
yaw: 128.00189208984375
pitch: 24.946929931640625
name: lustcave
lastowner: 682d3195-0e7c-3caa-82de-df46a6bf0562
