world: 6000fa1e-792c-48f6-9092-83aa876e0187
world-name: world
x: -1175.236
y: 63.0
z: 2577.7654
yaw: 101.33895874023438
pitch: 46.30003356933594
name: mangrove
lastowner: 00000000-0000-0000-0009-01f01c72e181
