world: 6000fa1e-792c-48f6-9092-83aa876e0187
world-name: world
x: -6818.684260557399
y: 79.0
z: 7051.5306615944355
yaw: -3.85504150390625
pitch: 6.6550493240356445
name: map
lastowner: 2d5d0be0-e48c-3b3a-b769-1b5636e432f6
