world: 6000fa1e-792c-48f6-9092-83aa876e0187
world-name: world
x: 3099.488830040222
y: 23.0
z: 2951.8850214635445
yaw: 67.22097778320312
pitch: 29.174245834350586
name: memaybeo
lastowner: 2d5d0be0-e48c-3b3a-b769-1b5636e432f6
