world: 6000fa1e-792c-48f6-9092-83aa876e0187
world-name: world
x: -184.76615080792095
y: 65.0
z: 611.9001092652757
yaw: 72.29833984375
pitch: 65.25003814697266
name: mending
lastowner: 6a43e6d8-bba7-3cfa-8dac-98afe51e7a1d
