world: 6000fa1e-792c-48f6-9092-83aa876e0187
world-name: world
x: 6448.773827435742
y: 71.0
z: 6731.6455924480615
yaw: 2.32373046875
pitch: 14.099846839904785
name: merrychristmas
lastowner: 962c3a59-6dc2-3f02-b5c7-fa2fdb690650
