world: 6000fa1e-792c-48f6-9092-83aa876e0187
world-name: world
x: 114.67667387083198
y: 64.0
z: 479.18036686117534
yaw: 116.58990478515625
pitch: 20.001611709594727
name: mia
lastowner: 2d5d0be0-e48c-3b3a-b769-1b5636e432f6
