world: 6000fa1e-792c-48f6-9092-83aa876e0187
world-name: world
x: 232.69999998807907
y: 150.0
z: 210.51109831434874
yaw: 137.3467254638672
pitch: 24.300216674804688
name: MobFarm
lastowner: 962c3a59-6dc2-3f02-b5c7-fa2fdb690650
