world: 6000fa1e-792c-48f6-9092-83aa876e0187
world-name: world
x: 2092.984203083056
y: -23.0
z: 2749.391312646555
yaw: -90.994140625
pitch: 13.866748809814453
name: mosat2
lastowner: 2d5d0be0-e48c-3b3a-b769-1b5636e432f6
