world: 6000fa1e-792c-48f6-9092-83aa876e0187
world-name: world
x: -5416.793832552597
y: -21.0
z: 9757.454202391838
yaw: 49.1201171875
pitch: -7.055853843688965
name: mosat
lastowner: 2d5d0be0-e48c-3b3a-b769-1b5636e432f6
