world: 6000fa1e-792c-48f6-9092-83aa876e0187
world-name: world
x: 2081.5363772567302
y: -39.0
z: 2728.6747590563746
yaw: 0.0111083984375
pitch: 27.350400924682617
name: mosat2.1
lastowner: 2d5d0be0-e48c-3b3a-b769-1b5636e432f6
