world: 6000fa1e-792c-48f6-9092-83aa876e0187
world-name: world
x: 2103.8837130640186
y: -17.0
z: 2701.2803135598638
yaw: -34.00421142578125
pitch: -12.841060638427734
name: mosat3
lastowner: 2d5d0be0-e48c-3b3a-b769-1b5636e432f6
