world: 6000fa1e-792c-48f6-9092-83aa876e0187
world-name: world
x: -46.344078
y: -52.0
z: -213.52608
yaw: -177.77394104003906
pitch: 37.275726318359375
name: nam
lastowner: 00000000-0000-0000-0009-01f4995a970e
