world: 6000fa1e-792c-48f6-9092-83aa876e0187
world-name: world
x: -4476.617634487009
y: 63.08576431274414
z: 5447.948490106086
yaw: -2.5165812969207764
pitch: 9.600008010864258
name: nam'sallay
lastowner: 962c3a59-6dc2-3f02-b5c7-fa2fdb690650
