world: 7ec283ff-b928-46e9-b242-4dd1165f6677
world-name: world_nether
x: 532.472963527891
y: 15.0
z: 106.69999998807907
yaw: 115.97543334960938
pitch: 31.05023956298828
name: nether
lastowner: 8a23f48c-7b83-3344-8d9e-c534020c1122
