world: 7ec283ff-b928-46e9-b242-4dd1165f6677
world-name: world_nether
x: 474.30000001192093
y: 53.0
z: -126.7383542899469
yaw: -139.0491943359375
pitch: 9.7500581741333
name: netherblaze
lastowner: 962c3a59-6dc2-3f02-b5c7-fa2fdb690650
