world: 3e5b55f2-9520-4ad1-97c1-6b7407e60608
world-name: world_nether
x: 29.46601580810294
y: 128.0
z: 280.08978774757634
yaw: -327.7479248046875
pitch: 29.844158172607422
name: NetherRoof
lastowner: 962c3a59-6dc2-3f02-b5c7-fa2fdb690650
