world: 6000fa1e-792c-48f6-9092-83aa876e0187
world-name: world
x: 3047.6914
y: 64.0
z: 3022.6624
yaw: -83.63041687011719
pitch: -2.1398773193359375
name: newvillage
lastowner: 00000000-0000-0000-0009-01f4995a970e
