world: 6000fa1e-792c-48f6-9092-83aa876e0187
world-name: world
x: 139.23985465243382
y: 69.0
z: 355.56688733588373
yaw: 108.7566909790039
pitch: 12.458024024963379
name: nhà
lastowner: 682d3195-0e7c-3caa-82de-df46a6bf0562
