world: 6000fa1e-792c-48f6-9092-83aa876e0187
world-name: world
x: 3110.757186087822
y: 56.0
z: 3007.590874987126
yaw: -90.6768798828125
pitch: 3.984126567840576
name: nhakho
lastowner: 2d5d0be0-e48c-3b3a-b769-1b5636e432f6
