world: 6000fa1e-792c-48f6-9092-83aa876e0187
world-name: world
x: 2925.641115283892
y: 64.0
z: 3015.581208284578
yaw: 140.99598693847656
pitch: 25.200057983398438
name: nhanam
lastowner: 962c3a59-6dc2-3f02-b5c7-fa2fdb690650
