world: 6000fa1e-792c-48f6-9092-83aa876e0187
world-name: world
x: 4389.1007795109035
y: -26.0
z: 8815.508772331812
yaw: -146.16796875
pitch: 15.657588005065918
name: nhen
lastowner: 2d5d0be0-e48c-3b3a-b769-1b5636e432f6
