world: 6000fa1e-792c-48f6-9092-83aa876e0187
world-name: world
x: -5141.259857374222
y: -38.0
z: 9732.12552099523
yaw: -114.95538330078125
pitch: 18.72954750061035
name: nhen2
lastowner: 2d5d0be0-e48c-3b3a-b769-1b5636e432f6
