world: 6000fa1e-792c-48f6-9092-83aa876e0187
world-name: world
x: -4862.80264156706
y: 63.0
z: 5085.857027397805
yaw: -172.1378173828125
pitch: 12.2227783203125
name: niceplace
lastowner: 962c3a59-6dc2-3f02-b5c7-fa2fdb690650
