world: 7ec283ff-b928-46e9-b242-4dd1165f6677
world-name: world_nether
x: 516.2197218875367
y: 250.0
z: -156.2996996029369
yaw: 174.462646484375
pitch: 32.24634552001953
name: nocfarmvang3
lastowner: 2d5d0be0-e48c-3b3a-b769-1b5636e432f6
