world: 7ec283ff-b928-46e9-b242-4dd1165f6677
world-name: world_nether
x: 515.9386055274712
y: 253.0
z: -157.36453585791807
yaw: 128.6031494140625
pitch: 8.284747123718262
name: nocfarmvang
lastowner: 2d5d0be0-e48c-3b3a-b769-1b5636e432f6
