world: 6000fa1e-792c-48f6-9092-83aa876e0187
world-name: world
x: -1597.5038320233134
y: 63.0
z: 2581.2429207298674
yaw: -151.8302001953125
pitch: 58.0511474609375
name: nongnoc
lastowner: 2d5d0be0-e48c-3b3a-b769-1b5636e432f6
