world: 6000fa1e-792c-48f6-9092-83aa876e0187
world-name: world
x: 3973.2006880295266
y: 143.0
z: 2864.9295647760882
yaw: -108.49615478515625
pitch: 27.331212997436523
name: nui
lastowner: 2d5d0be0-e48c-3b3a-b769-1b5636e432f6
