world: 6000fa1e-792c-48f6-9092-83aa876e0187
world-name: world
x: -11421.941367278661
y: 80.0
z: -3024.047735438531
yaw: 176.3719024658203
pitch: -16.946504592895508
name: nuisoi4
lastowner: 2d5d0be0-e48c-3b3a-b769-1b5636e432f6
