world: 6000fa1e-792c-48f6-9092-83aa876e0187
world-name: world
x: -2155.5
y: 65.45767474252048
z: -626.5
yaw: -86.09576416015625
pitch: 41.70001220703125
name: ocean
lastowner: 962c3a59-6dc2-3f02-b5c7-fa2fdb690650
