world: 6000fa1e-792c-48f6-9092-83aa876e0187
world-name: world
x: 386.86060918279753
y: 72.0
z: 2182.552033374075
yaw: 134.89453125
pitch: 20.887222290039062
name: panda
lastowner: 2d5d0be0-e48c-3b3a-b769-1b5636e432f6
