world: 6000fa1e-792c-48f6-9092-83aa876e0187
world-name: world
x: -4477.12202162801
y: 55.0
z: 5465.163281759912
yaw: 173.58319091796875
pitch: 18.900156021118164
name: perfectshipwreck
lastowner: 962c3a59-6dc2-3f02-b5c7-fa2fdb690650
