world: 7ec283ff-b928-46e9-b242-4dd1165f6677
world-name: world_nether
x: -66.30000001192093
y: 60.0
z: 733.4866057768539
yaw: 140.3332977294922
pitch: 14.232386589050293
name: pháođài2
lastowner: 682d3195-0e7c-3caa-82de-df46a6bf0562
