world: 7ec283ff-b928-46e9-b242-4dd1165f6677
world-name: world_nether
x: 952.6881198993224
y: 72.0
z: -147.52719140740487
yaw: 127.82318115234375
pitch: -4.8731770515441895
name: pháođài3
lastowner: 682d3195-0e7c-3caa-82de-df46a6bf0562
