world: 6000fa1e-792c-48f6-9092-83aa876e0187
world-name: world
x: 139.41261795227888
y: 69.0
z: 354.9507210402735
yaw: -79.94331359863281
pitch: 23.40802574157715
name: Quân
lastowner: 682d3195-0e7c-3caa-82de-df46a6bf0562
