world: 6000fa1e-792c-48f6-9092-83aa876e0187
world-name: world
x: 2964.0576896701455
y: 132.0
z: 2773.080338021353
yaw: 67.64990234375
pitch: 63.299991607666016
name: QuySech20007
lastowner: f69fe52e-bd57-3658-8d39-1f930264a41e
