world: 6000fa1e-792c-48f6-9092-83aa876e0187
world-name: world
x: 4105.417306019185
y: 63.0
z: -855.6864835823897
yaw: 111.90847778320312
pitch: 74.39973449707031
name: raidfarm
lastowner: 6a43e6d8-bba7-3cfa-8dac-98afe51e7a1d
