world: 6000fa1e-792c-48f6-9092-83aa876e0187
world-name: world
x: 4106.612586890913
y: 73.0
z: -746.7988438380252
yaw: -7.588134765625
pitch: 48.97560119628906
name: rf2
lastowner: 682d3195-0e7c-3caa-82de-df46a6bf0562
