world: 6000fa1e-792c-48f6-9092-83aa876e0187
world-name: world
x: 6788.113496913293
y: 88.0
z: 7385.380318998187
yaw: 2.335709571838379
pitch: -2.250002384185791
name: ruin2
lastowner: 682d3195-0e7c-3caa-82de-df46a6bf0562
