world: 6000fa1e-792c-48f6-9092-83aa876e0187
world-name: world
x: 49.495773
y: 84.0
z: 2530.69999
yaw: -56.785247802734375
pitch: 82.0906982421875
name: ruin
lastowner: 00000000-0000-0000-0009-01f01c72e181
