world: 6000fa1e-792c-48f6-9092-83aa876e0187
world-name: world
x: -4522.253280778931
y: 67.875
z: 4182.337576374361
yaw: 1.500579833984375
pitch: 26.121551513671875
name: rungduoc3
lastowner: 2d5d0be0-e48c-3b3a-b769-1b5636e432f6
