world: 6000fa1e-792c-48f6-9092-83aa876e0187
world-name: world
x: -4599.533867390544
y: 65.875
z: 3653.1960837565025
yaw: -2.79888916015625
pitch: 11.375961303710938
name: rungduoc2
lastowner: 2d5d0be0-e48c-3b3a-b769-1b5636e432f6
