world: 6000fa1e-792c-48f6-9092-83aa876e0187
world-name: world
x: -4045.357096248189
y: 64.0
z: 6270.240376750093
yaw: 48.0792236328125
pitch: 12.54275131225586
name: rungduoc4
lastowner: 2d5d0be0-e48c-3b3a-b769-1b5636e432f6
