world: 6000fa1e-792c-48f6-9092-83aa876e0187
world-name: world
x: 183.828989134129
y: 139.0
z: 2030.0026366525751
yaw: -47.6220703125
pitch: 20.369779586791992
name: rungtre
lastowner: 682d3195-0e7c-3caa-82de-df46a6bf0562
