world: 6000fa1e-792c-48f6-9092-83aa876e0187
world-name: world
x: -7874.213187613722
y: 61.875
z: 14960.120942909316
yaw: 0.18632161617279053
pitch: 1.5455801486968994
name: rungduoc5
lastowner: 2d5d0be0-e48c-3b3a-b769-1b5636e432f6
