world: 6000fa1e-792c-48f6-9092-83aa876e0187
world-name: world
x: 2798.9768624420685
y: 69.0
z: 2954.932338576845
yaw: -12.424560546875
pitch: 11.356685638427734
name: runggosoisam
lastowner: 2d5d0be0-e48c-3b3a-b769-1b5636e432f6
