world: 6000fa1e-792c-48f6-9092-83aa876e0187
world-name: world
x: -14842.541073636432
y: 73.0
z: 8414.852621210332
yaw: -8.173724174499512
pitch: 8.703006744384766
name: runggobachduong
lastowner: 2d5d0be0-e48c-3b3a-b769-1b5636e432f6
