world: 6000fa1e-792c-48f6-9092-83aa876e0187
world-name: world
x: -4985.022501745776
y: 119.0
z: 10039.676261024284
yaw: -12.387373924255371
pitch: 3.480475425720215
name: runganhdao
lastowner: 2d5d0be0-e48c-3b3a-b769-1b5636e432f6
