world: 6000fa1e-792c-48f6-9092-83aa876e0187
world-name: world
x: -6762.921433225768
y: 119.0
z: 7682.421041271552
yaw: -9.691153526306152
pitch: 27.825218200683594
name: runganhdaogannha
lastowner: 2d5d0be0-e48c-3b3a-b769-1b5636e432f6
