world: 6000fa1e-792c-48f6-9092-83aa876e0187
world-name: world
x: -11234.177577167646
y: 93.0
z: 15569.702094219449
yaw: -86.44705963134766
pitch: 15.6682767868042
name: runganhdaomini
lastowner: 2d5d0be0-e48c-3b3a-b769-1b5636e432f6
