world: 6000fa1e-792c-48f6-9092-83aa876e0187
world-name: world
x: -1559.6284840426754
y: 68.875
z: 2135.608305681821
yaw: -21.26251220703125
pitch: 4.598377227783203
name: rungduoc
lastowner: 2d5d0be0-e48c-3b3a-b769-1b5636e432f6
