world: 7ec283ff-b928-46e9-b242-4dd1165f6677
world-name: world_nether
x: 512.5671047537621
y: 253.0
z: -157.88802805533678
yaw: 137.6420440673828
pitch: 21.31161880493164
name: sànfarmvàng
lastowner: 682d3195-0e7c-3caa-82de-df46a6bf0562
