world: 6000fa1e-792c-48f6-9092-83aa876e0187
world-name: world
x: 232.15712424668592
y: 55.5625
z: 577.705848249252
yaw: 92.42642211914062
pitch: 31.499988555908203
name: sắt
lastowner: 682d3195-0e7c-3caa-82de-df46a6bf0562
