world: 6000fa1e-792c-48f6-9092-83aa876e0187
world-name: world
x: 232.11097658410569
y: 65.0
z: 573.7809636485678
yaw: 169.226318359375
pitch: 19.64999771118164
name: sắt1
lastowner: 6abba39a-8f1b-3fa6-8dea-55676928463d
