world: 53e72057-794a-4f54-b2a7-8720cefe0472
world-name: flatroom
x: -1.647472055562668
y: -60.0
z: 0.6921667538123102
yaw: 88.79998779296875
pitch: 7.800008773803711
name: sangtao
lastowner: 962c3a59-6dc2-3f02-b5c7-fa2fdb690650
