world: 6000fa1e-792c-48f6-9092-83aa876e0187
world-name: world
x: -7943.989914149368
y: 64.0
z: 16526.345363775974
yaw: -32.078643798828125
pitch: 7.6704254150390625
name: sanho
lastowner: 2d5d0be0-e48c-3b3a-b769-1b5636e432f6
