world: 6000fa1e-792c-48f6-9092-83aa876e0187
world-name: world
x: 2911.383119558916
y: 86.0
z: 2723.44555747904
yaw: -30.302490234375
pitch: 71.0999755859375
name: save
lastowner: f69fe52e-bd57-3658-8d39-1f930264a41e
