world: 6000fa1e-792c-48f6-9092-83aa876e0187
world-name: world
x: 2911.8135068991733
y: 81.5
z: 2722.765741855622
yaw: -168.6007080078125
pitch: 46.05005645751953
name: save1
lastowner: f69fe52e-bd57-3658-8d39-1f930264a41e
