world: 7ec283ff-b928-46e9-b242-4dd1165f6677
world-name: world_nether
x: 649.782017491074
y: 11.0
z: 310.69999998807907
yaw: 98.74654388427734
pitch: 8.24992561340332
name: save5
lastowner: 6a43e6d8-bba7-3cfa-8dac-98afe51e7a1d
