world: 6000fa1e-792c-48f6-9092-83aa876e0187
world-name: world
x: 1807.300000011921
y: 51.0
z: -288.3164013423614
yaw: -33.816925048828125
pitch: 20.250072479248047
name: save3
lastowner: f69fe52e-bd57-3658-8d39-1f930264a41e
