world: 6000fa1e-792c-48f6-9092-83aa876e0187
world-name: world
x: 2914.631794762032
y: 86.0
z: 2720.4600989915443
yaw: -27.90128517150879
pitch: 36.74994659423828
name: save2
lastowner: f69fe52e-bd57-3658-8d39-1f930264a41e
