world: 6000fa1e-792c-48f6-9092-83aa876e0187
world-name: world
x: -241.51122081386063
y: -38.0
z: -372.5402811537418
yaw: 116.42938232421875
pitch: 65.85000610351562
name: save6
lastowner: f69fe52e-bd57-3658-8d39-1f930264a41e
