world: 6070b197-d770-4d72-a000-8f9c12ec0f94
world-name: world_the_end
x: 4535.30001
y: 107.2
z: 390.30001
yaw: -53.986412048339844
pitch: 35.116973876953125
name: shulker
lastowner: 00000000-0000-0000-0009-01f4995a970e
