world: 6000fa1e-792c-48f6-9092-83aa876e0187
world-name: world
x: 3088.6176095407272
y: -47.0
z: 3028.0266201359627
yaw: -171.30300903320312
pitch: 22.271886825561523
name: skeleton
lastowner: 2d5d0be0-e48c-3b3a-b769-1b5636e432f6
