world: 6000fa1e-792c-48f6-9092-83aa876e0187
world-name: world
x: 3086.699999988079
y: -41.0
z: 3013.300000011921
yaw: 82.83355712890625
pitch: 15.657212257385254
name: skeletonfarm
lastowner: 2d5d0be0-e48c-3b3a-b769-1b5636e432f6
