world: 6000fa1e-792c-48f6-9092-83aa876e0187
world-name: world
x: 6354.229584212616
y: 112.0
z: 6799.626980520637
yaw: -98.01446533203125
pitch: 29.39963722229004
name: snowtreehouseviewing
lastowner: 962c3a59-6dc2-3f02-b5c7-fa2fdb690650
