world: 6000fa1e-792c-48f6-9092-83aa876e0187
world-name: world
x: 6432.601105957331
y: 84.0
z: 6821.142806495824
yaw: 60.84228515625
pitch: 23.99981117248535
name: snowhouseviewing3
lastowner: 962c3a59-6dc2-3f02-b5c7-fa2fdb690650
