world: 6000fa1e-792c-48f6-9092-83aa876e0187
world-name: world
x: 6328.334510480009
y: 103.0
z: 6834.515096133512
yaw: -101.76465606689453
pitch: 32.849647521972656
name: snowtreehouseviewing2
lastowner: 962c3a59-6dc2-3f02-b5c7-fa2fdb690650
