world: 6000fa1e-792c-48f6-9092-83aa876e0187
world-name: world
x: 6392.531785837479
y: 70.0
z: 6809.058942450477
yaw: 115.88623046875
pitch: 28.79983901977539
name: snowtreehouse
lastowner: 962c3a59-6dc2-3f02-b5c7-fa2fdb690650
