world: 6000fa1e-792c-48f6-9092-83aa876e0187
world-name: world
x: 345.4759622099133
y: 64.0
z: -47.48750001192093
yaw: -0.872589111328125
pitch: -10.500014305114746
name: spawn
lastowner: 962c3a59-6dc2-3f02-b5c7-fa2fdb690650
