world: 6000fa1e-792c-48f6-9092-83aa876e0187
world-name: world
x: -5027.480462719218
y: -41.0
z: 10266.556781337315
yaw: -28.05438232421875
pitch: 27.155729293823242
name: spider
lastowner: 2d5d0be0-e48c-3b3a-b769-1b5636e432f6
