world: 6000fa1e-792c-48f6-9092-83aa876e0187
world-name: world
x: 366.3671308043237
y: 95.1335762490645
z: 532.0008470029492
yaw: -93.12112426757812
pitch: 1.3500444889068604
name: spot
lastowner: 962c3a59-6dc2-3f02-b5c7-fa2fdb690650
