world: 6000fa1e-792c-48f6-9092-83aa876e0187
world-name: world
x: 3896.3938801466406
y: 71.0
z: -946.3168190123162
yaw: 58.604644775390625
pitch: 21.18752098083496
name: t1
lastowner: 2d5d0be0-e48c-3b3a-b769-1b5636e432f6
