world: 6000fa1e-792c-48f6-9092-83aa876e0187
world-name: world
x: 3898.8763263647493
y: 98.0
z: -941.8373324528438
yaw: -178.87026977539062
pitch: 31.632081985473633
name: t10
lastowner: 2d5d0be0-e48c-3b3a-b769-1b5636e432f6
