world: 6000fa1e-792c-48f6-9092-83aa876e0187
world-name: world
x: 3900.347808811036
y: 101.0
z: -946.0330203537205
yaw: 162.044189453125
pitch: 42.07680892944336
name: t11
lastowner: 2d5d0be0-e48c-3b3a-b769-1b5636e432f6
