world: 6000fa1e-792c-48f6-9092-83aa876e0187
world-name: world
x: 3897.9228749860263
y: 104.0
z: -948.304359838263
yaw: -30.8802547454834
pitch: 46.37778854370117
name: t12
lastowner: 2d5d0be0-e48c-3b3a-b769-1b5636e432f6
