world: 6000fa1e-792c-48f6-9092-83aa876e0187
world-name: world
x: 3898.0745334877397
y: 107.0
z: -946.6816803447355
yaw: -85.97735595703125
pitch: 35.93278884887695
name: t13
lastowner: 2d5d0be0-e48c-3b3a-b769-1b5636e432f6
