world: 6000fa1e-792c-48f6-9092-83aa876e0187
world-name: world
x: 3899.6792330777034
y: 74.0
z: -944.0610192663158
yaw: 154.866943359375
pitch: 16.588783264160156
name: t2
lastowner: 2d5d0be0-e48c-3b3a-b769-1b5636e432f6
