world: 6000fa1e-792c-48f6-9092-83aa876e0187
world-name: world
x: 3898.713093664287
y: 77.0
z: -945.1059891698387
yaw: -179.4069061279297
pitch: 29.78878402709961
name: t3
lastowner: 2d5d0be0-e48c-3b3a-b769-1b5636e432f6
