world: 6000fa1e-792c-48f6-9092-83aa876e0187
world-name: world
x: 3896.2644087386784
y: 80.0
z: -945.9400692540711
yaw: -100.11062622070312
pitch: 30.403226852416992
name: t4
lastowner: 2d5d0be0-e48c-3b3a-b769-1b5636e432f6
