world: 6000fa1e-792c-48f6-9092-83aa876e0187
world-name: world
x: 3896.08885366573
y: 83.0
z: -944.9091405979781
yaw: -146.19032287597656
pitch: 5.827125549316406
name: t5
lastowner: 2d5d0be0-e48c-3b3a-b769-1b5636e432f6
