world: 6000fa1e-792c-48f6-9092-83aa876e0187
world-name: world
x: 3896.685947845586
y: 86.0
z: -945.5148399206107
yaw: -106.21566772460938
pitch: 24.259113311767578
name: t6
lastowner: 2d5d0be0-e48c-3b3a-b769-1b5636e432f6
