world: 6000fa1e-792c-48f6-9092-83aa876e0187
world-name: world
x: 3896.519977715041
y: 89.0
z: -945.5023885644987
yaw: -108.13864135742188
pitch: 18.72975730895996
name: t7
lastowner: 2d5d0be0-e48c-3b3a-b769-1b5636e432f6
