world: 6000fa1e-792c-48f6-9092-83aa876e0187
world-name: world
x: 3897.959996928334
y: 92.0
z: -949.7023916024475
yaw: 8.52020263671875
pitch: 14.428942680358887
name: t8
lastowner: 2d5d0be0-e48c-3b3a-b769-1b5636e432f6
