world: 6000fa1e-792c-48f6-9092-83aa876e0187
world-name: world
x: 3896.6394641247675
y: 95.0
z: -946.9103899134429
yaw: -80.56781005859375
pitch: 21.18731689453125
name: t9
lastowner: 2d5d0be0-e48c-3b3a-b769-1b5636e432f6
