world: 6000fa1e-792c-48f6-9092-83aa876e0187
world-name: world
x: 3019.257911660665
y: 72.0
z: 3058.5544680424446
yaw: -90.61387634277344
pitch: 28.579246520996094
name: tamthoi
lastowner: 2d5d0be0-e48c-3b3a-b769-1b5636e432f6
