world: 7ec283ff-b928-46e9-b242-4dd1165f6677
world-name: world_nether
x: 396.56885342544786
y: 150.0
z: -31.639475185767832
yaw: 142.7252197265625
pitch: 29.788795471191406
name: tang3
lastowner: 2d5d0be0-e48c-3b3a-b769-1b5636e432f6
