world: 6000fa1e-792c-48f6-9092-83aa876e0187
world-name: world
x: -6816.563686708295
y: 62.0
z: 7038.36389129167
yaw: -89.06515502929688
pitch: 16.748146057128906
name: tangham
lastowner: 2d5d0be0-e48c-3b3a-b769-1b5636e432f6
