world: 7ec283ff-b928-46e9-b242-4dd1165f6677
world-name: world_nether
x: 396.47086476960703
y: 154.0
z: -33.176276057362536
yaw: 1.95074462890625
pitch: 57.456077575683594
name: tang4
lastowner: 2d5d0be0-e48c-3b3a-b769-1b5636e432f6
