world: 7ec283ff-b928-46e9-b242-4dd1165f6677
world-name: world_nether
x: 392.75128624766535
y: 166.0
z: -37.28975237422991
yaw: 41.384033203125
pitch: 29.78883934020996
name: tang7
lastowner: 2d5d0be0-e48c-3b3a-b769-1b5636e432f6
