world: 7ec283ff-b928-46e9-b242-4dd1165f6677
world-name: world_nether
x: 396.34011464048325
y: 158.0
z: -31.46894363926213
yaw: 134.00831604003906
pitch: 23.644872665405273
name: tang5
lastowner: 2d5d0be0-e48c-3b3a-b769-1b5636e432f6
