world: 7ec283ff-b928-46e9-b242-4dd1165f6677
world-name: world_nether
x: 387.5497400571109
y: 146.0
z: -35.76645797186166
yaw: -122.61911010742188
pitch: 10.127937316894531
name: tang2
lastowner: 2d5d0be0-e48c-3b3a-b769-1b5636e432f6
