world: 6000fa1e-792c-48f6-9092-83aa876e0187
world-name: world
x: 3897.8299720570403
y: 110.0
z: -950.1735895539416
yaw: -32.56201934814453
pitch: 41.46236801147461
name: tangthuong
lastowner: 2d5d0be0-e48c-3b3a-b769-1b5636e432f6
