world: 7ec283ff-b928-46e9-b242-4dd1165f6677
world-name: world_nether
x: 386.7272537702759
y: 162.0
z: -31.847191198193574
yaw: 156.7411651611328
pitch: 23.644826889038086
name: tang6
lastowner: 2d5d0be0-e48c-3b3a-b769-1b5636e432f6
