world: 7ec283ff-b928-46e9-b242-4dd1165f6677
world-name: world_nether
x: 396.59715015756495
y: 142.0
z: -31.654483076925803
yaw: 160.6573028564453
pitch: 43.305564880371094
name: tang1
lastowner: 2d5d0be0-e48c-3b3a-b769-1b5636e432f6
