world: 6000fa1e-792c-48f6-9092-83aa876e0187
world-name: world
x: -14991.532802161371
y: -52.0
z: 8378.436672008611
yaw: 53.41739273071289
pitch: -29.66428565979004
name: thachanhtim3
lastowner: 2d5d0be0-e48c-3b3a-b769-1b5636e432f6
