world: 6000fa1e-792c-48f6-9092-83aa876e0187
world-name: world
x: 2808.576504337518
y: 40.0
z: 3028.1932715109015
yaw: 118.54891204833984
pitch: 2.7551584243774414
name: thachanhtim
lastowner: 2d5d0be0-e48c-3b3a-b769-1b5636e432f6
