world: 6000fa1e-792c-48f6-9092-83aa876e0187
world-name: world
x: -7599.378742608642
y: -40.0
z: 7633.398761595409
yaw: -87.56338500976562
pitch: 26.753135681152344
name: thachanhtim/
lastowner: 2d5d0be0-e48c-3b3a-b769-1b5636e432f6
