world: 6000fa1e-792c-48f6-9092-83aa876e0187
world-name: world
x: 1998.5837432878948
y: -9.0
z: 2730.7105926961162
yaw: -6.22216796875
pitch: 2.193286895751953
name: thachanhtim2
lastowner: 2d5d0be0-e48c-3b3a-b769-1b5636e432f6
