world: 6000fa1e-792c-48f6-9092-83aa876e0187
world-name: world
x: -7238.699999988079
y: -12.0
z: 6698.105390553753
yaw: -14.362213134765625
pitch: 33.54233932495117
name: thachanhtimx2
lastowner: 2d5d0be0-e48c-3b3a-b769-1b5636e432f6
