world: 6000fa1e-792c-48f6-9092-83aa876e0187
world-name: world
x: -11705.192608399659
y: -51.0
z: -3047.8191087515625
yaw: 119.37687683105469
pitch: -0.9312646389007568
name: thachanhtim4
lastowner: 2d5d0be0-e48c-3b3a-b769-1b5636e432f6
