world: 6070b197-d770-4d72-a000-8f9c12ec0f94
world-name: world_the_end
x: 19.693600696906334
y: 59.0
z: -7.699999988079071
yaw: -143.1000213623047
pitch: 17.700016021728516
name: TheEnd
lastowner: 962c3a59-6dc2-3f02-b5c7-fa2fdb690650
