world: 6000fa1e-792c-48f6-9092-83aa876e0187
world-name: world
x: 3036.8248485175664
y: 68.0
z: 3088.9142548985546
yaw: -7.1196441650390625
pitch: 9.513596534729004
name: thuvien
lastowner: 2d5d0be0-e48c-3b3a-b769-1b5636e432f6
