world: 6070b197-d770-4d72-a000-8f9c12ec0f94
world-name: world_the_end
x: 1331.9574510437924
y: 58.0
z: -953.19754442227
yaw: -104.96453857421875
pitch: 41.88477325439453
name: tiếp
lastowner: 682d3195-0e7c-3caa-82de-df46a6bf0562
