world: 6000fa1e-792c-48f6-9092-83aa876e0187
world-name: world
x: 5223.363134696948
y: 64.1975
z: -812.5406008205653
yaw: 64.7901611328125
pitch: 11.745055198669434
name: trạicướp2
lastowner: 682d3195-0e7c-3caa-82de-df46a6bf0562
