world: 6000fa1e-792c-48f6-9092-83aa876e0187
world-name: world
x: 4711.759
y: 66.0
z: -825.192
yaw: -67.78758239746094
pitch: 16.845046997070312
name: traicuop
lastowner: 00000000-0000-0000-0009-01f4995a970e
