world: 6000fa1e-792c-48f6-9092-83aa876e0187
world-name: world
x: -345.3356803501183
y: 96.0
z: -230.84688623758134
yaw: 81.40765380859375
pitch: 11.23756217956543
name: traicuop3
lastowner: 962c3a59-6dc2-3f02-b5c7-fa2fdb690650
