world: 6000fa1e-792c-48f6-9092-83aa876e0187
world-name: world
x: 6682.699999988079
y: -25.0
z: 7342.654453321838
yaw: 137.3348388671875
pitch: 9.749938011169434
name: trialchamber5
lastowner: 682d3195-0e7c-3caa-82de-df46a6bf0562
