world: 6000fa1e-792c-48f6-9092-83aa876e0187
world-name: world
x: -3637.699999988079
y: -18.0
z: 6178.699999988079
yaw: -115.464111328125
pitch: 10.199983596801758
name: trialchamber6
lastowner: 682d3195-0e7c-3caa-82de-df46a6bf0562
