world: 6000fa1e-792c-48f6-9092-83aa876e0187
world-name: world
x: -8973.699999988079
y: -2.0
z: 15900.300000011921
yaw: -60.743408203125
pitch: 49.04998779296875
name: trialchamber4riel
lastowner: 682d3195-0e7c-3caa-82de-df46a6bf0562
