world: 6000fa1e-792c-48f6-9092-83aa876e0187
world-name: world
x: -6758.323813774076
y: -13.0
z: 8896.67889803728
yaw: 179.52906799316406
pitch: 11.030954360961914
name: trialchamber
lastowner: 2d5d0be0-e48c-3b3a-b769-1b5636e432f6
