world: 6000fa1e-792c-48f6-9092-83aa876e0187
world-name: world
x: -5910.362526476818
y: -8.0
z: 8790.279425622546
yaw: 146.54751586914062
pitch: 28.49993324279785
name: trialchamber3
lastowner: 682d3195-0e7c-3caa-82de-df46a6bf0562
