world: 6000fa1e-792c-48f6-9092-83aa876e0187
world-name: world
x: -6213.300000011921
y: -13.0
z: 9015.826785328463
yaw: -94.16845703125
pitch: 12.817489624023438
name: trialchamber2
lastowner: 2d5d0be0-e48c-3b3a-b769-1b5636e432f6
