world: 6000fa1e-792c-48f6-9092-83aa876e0187
world-name: world
x: -6192.605491022327
y: -29.0
z: 9048.910700297469
yaw: -0.771728515625
pitch: 22.46530532836914
name: trialchamber4
lastowner: 2d5d0be0-e48c-3b3a-b769-1b5636e432f6
