world: 6000fa1e-792c-48f6-9092-83aa876e0187
world-name: world
x: -1333.6244497828889
y: 95.0
z: -573.7845408643549
yaw: -104.55516052246094
pitch: 1.5455411672592163
name: trontronvn
lastowner: 2d5d0be0-e48c-3b3a-b769-1b5636e432f6
