world: 6000fa1e-792c-48f6-9092-83aa876e0187
world-name: world
x: -8978.651192070021
y: 63.0
z: 16466.971072487493
yaw: -11.5421142578125
pitch: 17.999975204467773
name: Tuanxxx7
lastowner: 682d3195-0e7c-3caa-82de-df46a6bf0562
