world: 6000fa1e-792c-48f6-9092-83aa876e0187
world-name: world
x: -11349.119929618188
y: 65.0
z: 884.8797788205139
yaw: -73.1982421875
pitch: 32.860713958740234
name: tuanht
lastowner: 2d5d0be0-e48c-3b3a-b769-1b5636e432f6
