world: 6000fa1e-792c-48f6-9092-83aa876e0187
world-name: world
x: -1169.1492193158044
y: 132.0
z: 602.3487994126175
yaw: 63.456512451171875
pitch: 28.560014724731445
name: tuyetlun2
lastowner: 2d5d0be0-e48c-3b3a-b769-1b5636e432f6
