world: 6000fa1e-792c-48f6-9092-83aa876e0187
world-name: world
x: 5493.5959316392455
y: 164.0
z: 7846.394979904471
yaw: 136.801513671875
pitch: 22.41596794128418
name: tuyetlun
lastowner: 2d5d0be0-e48c-3b3a-b769-1b5636e432f6
