world: 6000fa1e-792c-48f6-9092-83aa876e0187
world-name: world
x: 2995.4835619753126
y: 69.0
z: 2954.9533001592376
yaw: 23.225374221801758
pitch: 29.019453048706055
name: vanliPVP
lastowner: 13bbbf1a-e741-39a8-b188-99494767f6cc
