world: 6000fa1e-792c-48f6-9092-83aa876e0187
world-name: world
x: 5616.126454630226
y: 63.0
z: 5405.231350038622
yaw: -58.22036361694336
pitch: 13.199851036071777
name: vungtuyet
lastowner: 2d5d0be0-e48c-3b3a-b769-1b5636e432f6
