world: 6000fa1e-792c-48f6-9092-83aa876e0187
world-name: world
x: -2434.917013279597
y: 71.0
z: 1869.2366032778732
yaw: 86.21820068359375
pitch: 12.604740142822266
name: vunghoa
lastowner: 2d5d0be0-e48c-3b3a-b769-1b5636e432f6
