world: 6000fa1e-792c-48f6-9092-83aa876e0187
world-name: world
x: -14775.64966834492
y: 74.0
z: 8411.86713358723
yaw: -155.1553955078125
pitch: 34.515289306640625
name: vungsoi
lastowner: 2d5d0be0-e48c-3b3a-b769-1b5636e432f6
