world: 6000fa1e-792c-48f6-9092-83aa876e0187
world-name: world
x: -1045.7368218580575
y: 139.0
z: 1127.8987332251843
yaw: 0.3353085517883301
pitch: 18.729543685913086
name: vunghoa4
lastowner: 2d5d0be0-e48c-3b3a-b769-1b5636e432f6
