world: 6000fa1e-792c-48f6-9092-83aa876e0187
world-name: world
x: 1247.502209233151
y: 71.0
z: 1993.5976088588511
yaw: 131.19602966308594
pitch: 15.335649490356445
name: vungsoi2
lastowner: 2d5d0be0-e48c-3b3a-b769-1b5636e432f6
