world: 6000fa1e-792c-48f6-9092-83aa876e0187
world-name: world
x: -1209.6261908205774
y: 66.0
z: 1715.1523563392595
yaw: 39.003387451171875
pitch: 10.127891540527344
name: vunghoa5
lastowner: 2d5d0be0-e48c-3b3a-b769-1b5636e432f6
