world: 6000fa1e-792c-48f6-9092-83aa876e0187
world-name: world
x: -4596.319037696268
y: 112.0
z: 9873.747624790682
yaw: 95.780517578125
pitch: 21.801578521728516
name: vunghoa2
lastowner: 2d5d0be0-e48c-3b3a-b769-1b5636e432f6
