world: 6000fa1e-792c-48f6-9092-83aa876e0187
world-name: world
x: -7271.839885707712
y: 124.0
z: -3026.656762486087
yaw: 91.73171997070312
pitch: 22.289459228515625
name: vunghoa3
lastowner: 2d5d0be0-e48c-3b3a-b769-1b5636e432f6
