world: 6000fa1e-792c-48f6-9092-83aa876e0187
world-name: world
x: 236.72573088657583
y: -55.0
z: 528.5508724661153
yaw: -175.77195739746094
pitch: 21.000028610229492
name: wardenfight
lastowner: 962c3a59-6dc2-3f02-b5c7-fa2fdb690650
