world: 6000fa1e-792c-48f6-9092-83aa876e0187
world-name: world
x: 1331.1710897380297
y: 63.0
z: -381.3885097779884
yaw: 92.10366821289062
pitch: 18.300270080566406
name: WarmOcean
lastowner: 962c3a59-6dc2-3f02-b5c7-fa2fdb690650
