world: 7ec283ff-b928-46e9-b242-4dd1165f6677
world-name: world_nether
x: 537.3786839527756
y: 74.0
z: -31.162777693287882
yaw: -163.1302490234375
pitch: 15.006216049194336
name: witherske
lastowner: 962c3a59-6dc2-3f02-b5c7-fa2fdb690650
