world: 6000fa1e-792c-48f6-9092-83aa876e0187
world-name: world
x: 318.5580460585291
y: 10.0
z: 540.2782388814676
yaw: -127.02188873291016
pitch: 11.549993515014648
name: x
lastowner: 962c3a59-6dc2-3f02-b5c7-fa2fdb690650
