world: 6000fa1e-792c-48f6-9092-83aa876e0187
world-name: world
x: -6860.4801195094005
y: 70.0625
z: 7056.892833193352
yaw: -91.91793060302734
pitch: 7.056082725524902
name: y
lastowner: 2d5d0be0-e48c-3b3a-b769-1b5636e432f6
