world: 6000fa1e-792c-48f6-9092-83aa876e0187
world-name: world
x: 322.5930047050348
y: 63.0
z: 484.342471513543
yaw: -43.02201843261719
pitch: 27.599956512451172
name: z
lastowner: 962c3a59-6dc2-3f02-b5c7-fa2fdb690650
