world: 6000fa1e-792c-48f6-9092-83aa876e0187
world-name: world
x: 348.45228431408697
y: 104.5
z: 438.01249998807907
yaw: 28.384185791015625
pitch: 25.50007438659668
name: zv
lastowner: 962c3a59-6dc2-3f02-b5c7-fa2fdb690650
